
230641041269,
170640028629,
160341010569,
140240032479,
140140013171,
121240003583,
121040020457,
120440002538,
120340001825,
961240001105,
990340001647,
110840002827,
101040008107,
080940008874,
111240011403,
110640011039,
110240010561,
081040018326,
040740003879,
060140006161,
040840003446,
981240001109,
040740003620,
060140006508,
040840003139,
000440001894,
000340004518,
960740000477,
970440001677,
970240002172,
970440001667,
970240002182,
970240004595,
990640002874,
970240002162,
980140001896,
060140005996,
970240002152,
010740002260,
970240002192,
011240002334,
960840000839,
970240002142,
970440001657,
040740004966,
021040002567,
040840003367,
030240002543,
980740002073,
991140002501,
040840003109,
030740002224,
020940001945,
010140001647,
020240003282,
010840002482,
011240002344,
010740002469,
010740002200,
010740002250,
020140004237,
040840003129,
040740003988,
010540002035,
050341008347,
060241004848,
230741011736,
200140007021,
180740000486,
170640029825,
160440011734,
160341010084,
120241009090,
121240010174,
040640006077,
990640001727,
110740005652,
080340020554,
060440008555,
080140010143,
111240013688,
110640000896,
081140004805,
060140009384,
060640004064,
020240000951,
030640003556,
980540000426,
020240002333,
021040003258,
030540001030,
021140000653,
941140000754,
001140002294,
970140002812,
940640000630,
000940002028,
970140001288,
960640000496,
941240000679,
961240003914,
961240000375,
961240000345,
961240003042,
961240000355,
970140000261,
941240000906,
941240000986,
980640000310,
980340000459,
980440000412,
940840000463,
961240000385,
941240000996,
941240000877,
961240000315,
991140003508,
970940001576,
030740004022,
030740002809,
020640005500,
000840000563,
020840000636,
060140011138,
060140005521,
050140007079,
030640003744,
980140002021,
000340003212,
030740002393,
980440000383,
030640003685,
030741002468,
120340003970,
230741011974,
210340017127,
191240029827,
191240029748,
200140000817,
161240005666,
160341011072,
151240019723,
120940008281,
120340016209,
060240005098,
990240003342,
110940000555,
060140007189,
990240003332,
020140001946,
970940001368,
990240005309,
050240004167,
011040003127,
990440004279,
000640000209,
001240001473,
111240011909,
110840007701,
110640010853,
060140006825,
061140006615,
060840005674,
050440005628,
010240002024,
060640004084,
060240005761,
060240007679,
060240008181,
060740002081,
060240007887,
050240006629,
980340001546,
000140002267,
000140002346,
000140001695,
000140002316,
000140002425,
000140002366,
030740002333,
961240001006,
941240000936,
961040000893,
960940000269,
960940000754,
960940000546,
960940000308,
960940000289,
960940000764,
960840000621,
960840000601,
961240001432,
961240001145,
970440001805,
971040001090,
960940001297,
960840000631,
020840002296,
960840000671,
060140007219,
970440003742,
970940000548,
970940001299,
970840001126,
950240000717,
060140006865,
000240002062,
971040000697,
971040001487,
971040001506,
990240000178,
050240001896,
020740001721,
971040001070,
960640000525,
960640000555,
941240000946,
000140002277,
960840000611,
961240001492,
050340006345,
970940001784,
970940000538,
971040001497,
971040001516,
991140001454,
970840001136,
000140002297,
050340006355,
050340004100,
060240008141,
980140001589,
020440003160,
021240002980,
021140001836,
110341016153,
100140005906,
050341008426,
041241004173,
060241004719,
100340015831,
230641041655,
211240023755,
200140011585,
181140009371,
160140009008,
160341013792,
140340022514,
120440027067,
950640000692,
110940010150,
100840002065,
081040013711,
080140005761,
060640007138,
000940000389,
990640001678,
090240023120,
000940001496,
040640004536,
111240010079,
110840017838,
110640005094,
010140000311,
010340003086,
020640002437,
060140002664,
060540004566,
081040015480,
060140003414,
950540000381,
000440001884,
000440001874,
970440000877,
970340000893,
970340000833,
970340000863,
961240000800,
970340000823,
970440000887,
050140005141,
050140001159,
970740000848,
970340000784,
970340000912,
980840001306,
970340000942,
050140005151,
950640000935,
970340000853,
980140001409,
970340001069,
970340000813,
050140005121,
050140005200,
050140005338,
050140006000,
050140005302,
970340000794,
970340000803,
920740000056,
050140005290,
980340001181,
990340003326,
990540001061,
020940001492,
020740002579,
991140002796,
970340000902,
970340000883,
050140005052,
050140005072,
050140006050,
050140005528,
021140003211,
970440003247,
030740002284,
010940000211,
060540002758,
011140003913,
081140007562,
020840001486,
980540000189,
020440002291,
020440002370,
020440002271,
020440002483,
050340003826,
011240002463,
050140005469,
060240007748,
000340002879,
020740002272,
110341017290,
050341007864,
030741002517,
120340016586,
230741000394,
170440037165,
170240004974,
160341004416,
150240017536,
121240004733,
120340000798,
120340023529,
991240001765,
990340006300,
111240013945,
110740012030,
110540020262,
060440005947,
081040020010,
000440001735,
050540004534,
000340002680,
041140006824,
040640004437,
040640004209,
040640004348,
060140006469,
970240002013,
060140003741,
060140006419,
040640004457,
970240001828,
040640004487,
040640004279,
970140001100,
970240001937,
970240000592,
970240001878,
970240001957,
970240002291,
970240001997,
970240000582,
970240002003,
060640004282,
970240001848,
961240001373,
970240001967,
970440003306,
980140002100,
060140006082,
970240001888,
990240003095,
040940003767,
040640004526,
040640004447,
041140003770,
920740000333,
991140002462,
970240001947,
970240001987,
970240001858,
000440001953,
040640004516,
030740002303,
060940005083,
000940001030,
050840001957,
030940002777,
060240007460,
050940004300,
060240007183,
011140002476,
970640000933,
060140006270,
021040002527,
040640004506,
060140006392,
030741002705,
040640005128,
040640004497,
040640004338,
050241007961,
191240026812,
171140015812,
180140009933,
171240027034,
171140015800,
160341005325,
150640009143,
121240013174,
120240014982,
970740001152,
110840018579,
941240001944,
111240011166,
110640016436,
970940002415,
970940002475,
970940002396,
970940002504,
970940002485,
060440006152,
060140011316,
050140009605,
010740003219,
060140006072,
050140006338,
081040017992,
970940002455,
021140001017,
050140008671,
970940000558,
970940002772,
970940002534,
010740003229,
010740003209,
990140001560,
050240005135,
970940000974,
960640000476,
970940000568,
050140005865,
970140000599,
050140006883,
961240000979,
050140008661,
050140002147,
970740002061,
970940002495,
950140000812,
020840002820,
060140007932,
050140002197,
970940002574,
991140003521,
970940002564,
031040003240,
000340001612,
970940002425,
021140001047,
050140006586,
050140004609,
050140008542,
980140001549,
030840002228,
971040001447,
020840001694,
970940000885,
050441005841,
060241004799,
230641041526,
221240043910,
210141013122,
210240035082,
160341009308,
160340026636,
130440026767,
120640017486,
030440005802,
960640000258,
120340018077,
120140009102,
990240002077,
990240005100,
990240004717,
990240004707,
111240011804,
110640009700,
081040018019,
990240004698,
080240000576,
060140008227,
050340003905,
030340003129,
060840001691,
050140006615,
921240000605,
960940000784,
970340001089,
970340001891,
970340000665,
970340002007,
970340002097,
930840000021,
050140004222,
970240000126,
970440004750,
970240000067,
970240000087,
970240000205,
000240001897,
970240000186,
970240000285,
970240000245,
940940000532,
970340001257,
970240000443,
970240000106,
970240000146,
970340000695,
970340001099,
960440000489,
970240000215,
970240000136,
970240000196,
980240002104,
020640002328,
961240000906,
970240000225,
970340001782,
970240000116,
040840003921,
060540004615,
991140003301,
970240000156,
970240000077,
030740002195,
030440004021,
970240000166,
980640001051,
060140003781,
050140010019,
000940001713,
970540000741,
060140002377,
041140005350,
980140001618,
000340002938,
020540001782,
110341015383,
050341008228,
060241004540,
120340015548,
230641040617,
160341007450,
131140003879,
930140000343,
990340002487,
111240010663,
100940013586,
040840002408,
060840003747,
111240009283,
110640014717,
990640000560,
060140004244,
060140006479,
100440017514,
060140013838,
060140003962,
050140003026,
970140000826,
000240001887,
970840000831,
970240000959,
970240001005,
970240001095,
970340001009,
970240000929,
970340000962,
020540003322,
980140001965,
970240001015,
030840015249,
970240001233,
970240000939,
970240000989,
970340000992,
030440013158,
961240000955,
021240002445,
050140003125,
050140004252,
050140005032,
050140003561,
991140002660,
970240000969,
970140001041,
941040000856,
030740002214,
981240001042,
010140001528,
020440002330,
990240004628,
060140003632,
540140000024,
050140004113,
050140003422,
050140004262,
050140005409,
050140003402,
081140002670,
050641005998,
060341005007,
120340002140,
070940002625,
030240002494,
990640000967,
020540001425,
991140002323,
970340000506,
970340000556,
030740002155,
030140001889,
020840001812,
020540001405,
020540001396,
020540001376,
020540001455,
020540001524,
230741005781,
210141026898,
200240040106,
200240040027,
190640007124,
170240007710,
160341010460,
141040015791,
131140018877,
130940021020,
130940020835,
130840014520,
120340017930,
040140003512,
950440000764,
110840019339,
101040011494,
990340002655,
111240011939,
110640005926,
081140002541,
010840002353,
060540004576,
060140007289,
060140007566,
060140007982,
060140006706,
000440001913,
050140008196,
970340001445,
970440001479,
970140003533,
970140003959,
961240001284,
970140003335,
970140002545,
970140001349,
970140001418,
970440003594,
970340000457,
970340000526,
970340000487,
970340000576,
970340000546,
960440000439,
970340000536,
970340000516,
970640000428,
970340000497,
970340000467,
970340000477,
970140002129,
970140000876,
970140003266,
970140003880,
970140003513,
000340002918,
970340000586,
030240002761,
981240001139,
020540001346,
020440001828,
020540001514,
020540001366,
020540001495,
020540001445,
020140002499,
980140001483,
020440002678,
050341006539,
060241004421,
070840002502,
230741000314,
220440035686,
191040024115,
160341007966,
140340008995,
140240014331,
121140021012,
940440000702,
990340002902,
981140001204,
101040017344,
100940007971,
090140000376,
960140000498,
111240010089,
110640001676,
020140004039,
011240003302,
011240003174,
071040012266,
081040017497,
061140008448,
060440006896,
060140013194,
050240003054,
000340002442,
970140001031,
050240003030,
050240003017,
970440000986,
970440001072,
970440001042,
970440000976,
970440000996,
970440001062,
970440001032,
970440001022,
970440000956,
970440000966,
000240002558,
980140001410,
981140000994,
970440001012,
981140000945,
981140001046,
981140001096,
981140001026,
920740000581,
970240001283,
050240003169,
060140013025,
970440001082,
060140013233,
050240003066,
970440001052,
981140001006,
981140000970,
981240001029,
020940001360,
981140000982,
990440003994,
981140001036,
970140000519,
981140000957,
980940000074,
981140001016,
981140000921,
991140003361,
050240003042,
050240003189,
050240010002,
970440001489,
050240003179,
050240002656,
050240003109,
030740002254,
020840002791,
981140001086,
031140002186,
031140002176,
000640002831,
050140009352,
050240003199,
050240003078,
050140002994,
050341007844,
060141004379,
120340017603,
230740035976,
230741000225,
230640021348,
230541030993,
230442026500,
210641033938,
230140027270,
221040022226,
210641030110,
220440024809,
210840013350,
210240041532,
210440015808,
210141009461,
210141008522,
210340002822,
201240004291,
201040026710,
201040026720,
191240011913,
191040018349,
191040018051,
190840029231,
190840029152,
190540002080,
190140033968,
010641017805,
120741004423,
180442038691,
180341006228,
181142000228,
181140035618,
180940032510,
180141001319,
171040015102,
171140017985,
170740018774,
170740004625,
170340033082,
170340015418,
170340009833,
170340003870,
161140026546,
161140013178,
161040028152,
160441026163,
160440017951,
160540025232,
160341003597,
160340007415,
160341004535,
160341003626,
160341003606,
160341003577,
160341003567,
160140017316,
160140016823,
130340024408,
150741018479,
150840017479,
150440002614,
150240002845,
150240002835,
141140018066,
141140012047,
141040026935,
141140001229,
140841019914,
140840025180,
140740027242,
140740011038,
131141015352,
140240031718,
130941024407,
130740014279,
130440013329,
121240008277,
110641018577,
121240005936,
120740009052,
120440015452,
050240004315,
950640000117,
950540000500,
990240003362,
930540000437,
950540000490,
960140000488,
990840001477,
980940001398,
920940000291,
940640000551,
040240003157,
980840000863,
991240001001,
111040001657,
061240000015,
041240006134,
060140013451,
081040007955,
990240002087,
990240002364,
990340007237,
200740006481,
990240002027,
990240003411,
990240001970,
000340004677,
961240002575,
060940006031,
990340008060,
991140003916,
060940007535,
961240002311,
990440006077,
041040004448,
990340007071,
990340002744,
060940006468,
991040002944,
990340006935,
961140000581,
970140003781,
990340006350,
990340007686,
050340008024,
081040001450,
990340007201,
990540003707,
991140001925,
950640000800,
060940001040,
990340007140,
120440015501,
000940000894,
110540020563,
111240011710,
111040018443,
111240003511,
111040017049,
110840016235,
110740001907,
110340003750,
070340004253,
060140015369,
081140000109,
990340007150,
990240005656,
000540001789,
000340001820,
010340001783,
050940002582,
090540009502,
050340014485,
090240014964,
070140003882,
060540004645,
060140013035,
080940018297,
961240002173,
040140000367,
950440000526,
031240002289,
940940000413,
990240002344,
950440000536,
950340000592,
950140000555,
510640000017,
950440000516,
020640001568,
950140000545,
060140010794,
950140001068,
950140000476,
000340002145,
950640000533,
950240000618,
950340000067,
950340000364,
950640000484,
970240002975,
720240000016,
021140001631,
960540000214,
970540001076,
970140003662,
930640000301,
970240000364,
000540001622,
940540000391,
940840000380,
950940000198,
961040000060,
010340001515,
960840000255,
050240005472,
060140013124,
961240000553,
961240002361,
961240000197,
961240000612,
970140000539,
970440003762,
970440001994,
970440003128,
961240002331,
970140001369,
961240000503,
970140000417,
970140003741,
961240027812,
000140001615,
961240000444,
970140000589,
990340002566,
930640000262,
970940002257,
981040013165,
981040002328,
970340000308,
980640003682,
950340000838,
961240002301,
961240000276,
961240000583,
941140000437,
610640000018,
930540000308,
961240000484,
961240000098,
961040000576,
961240000266,
041240000918,
961240000543,
961240000494,
070840002077,
980940002605,
030440002520,
031040002390,
990240003510,
990440001660,
011240002720,
980340001010,
970140003840,
981240000864,
120240011849,
990840001239,
010540002075,
901140000132,
950540000659,
991140002571,
001240014653,
030740002135,
020240002086,
020440002132,
020640001558,
000840001571,
000640001455,
020440002409,
010740001629,
040340003389,
961240000870,
000640003451,
000540001838,
110140000603,
020640001984,
050140008979,
030140001795,
020440004931,
010240001432,
970740001767,
021240003750,
990540002711,
020140002479,
020240003212,
110541017055,
050140007108,
991041003343,
040541003609,
051240004417,
010540000584,
081241001166,
010340003714,
050140006635,
131140007623,
011141003285,
060441013785,
030441002467,
100642006061,
070441009144,
960941001004,
970241003740,
990641002848,
990141006130,
081140006811,
990241001807,
110841005552,
040340002310,
970640000399,
121141007151,
120340000054,
120841015383,
110140002676,
101240019487,
230741000304,
210840017541,
210241026405,
190641020711,
180140011231,
171140039044,
170940010924,
170240009707,
160241034256,
150140003552,
130840019947,
120340014966,
981140000286,
110840007533,
060240008706,
990240000030,
950640000731,
070940001607,
990240005180,
081040002479,
990340004017,
111240009362,
110940003346,
110640005847,
110140000799,
081040015817,
050140007683,
051240004645,
060140005545,
060540004744,
060140005936,
050140005280,
050140005230,
050140004341,
050140006605,
050140005240,
060140005946,
050140005270,
050140012104,
050140007336,
000440001814,
970140001963,
970140001696,
970140002062,
970140001636,
970140001844,
000240001916,
970440002080,
970140002013,
101240003183,
970140001953,
970140001824,
970140001923,
970140002001,
970140002733,
970140001676,
960440000409,
970140001735,
970140001666,
970140001715,
980140001330,
920740000462,
970140002025,
970140001686,
970140001755,
950640000850,
950540000585,
050140005260,
050240008586,
970140001626,
970140002119,
970140001814,
030840002278,
020940002319,
980640001071,
980140001330,
920740000462,
970140002025,
970140001686,
970140001755,
950640000850,
950540000585,
050140005260,
050240008586,
970140001626,
970140002119,
970140001814,
030840002278,
020940002319,
980640001071,
011040002931,
011040003266,
970140004908,
011040002644,
970140001933,
001040002028,
021140002917,
011040005004,
011040002634,
011040005024,
011040002703,
101240002254,
050140005092,
050140005042,
060140005897,
050140005508,
050140006784,
030741002646,
050240006113,
050240006103,
050240006242,
050240007706,
100341016082,
050241009946,
010241002545,
000741001830,
070840000239,
070740003587,
230741006790,
171140039420,
161240023109,
160840003133,
160341011885,
130240004431,
970340000176,
050240000104,
120340002209,
101240016026,
990240000318,
990540003373,
990340008278,
960340000455,
020240000248,
111240015007,
110640001309,
990240005051,
990740003442,
990740003466,
990740003430,
990540003254,
990740003083,
990240003055,
060240002063,
081040018673,
060140007348,
060140004323,
060140008059,
060140007655,
050140006060,
950640000602,
970440000430,
970440003069,
970440000906,
980140001529,
030840002317,
060140008851,
970240004327,
981240001054,
990440005306,
971240000086,
990340002685,
990640003288,
990640003357,
990640003327,
990640000431,
990640000085,
990640003505,
970840000782,
970140000370,
000140001655,
000740003128,
060140007388,
060140007487,
060140007299,
020840001595,
060140007645,
050341012206,
230641040726,
210141030678,
200240006017,
200240005851,
171140024204,
160740024717,
160341014047,
150140012501,
120640012089,
100840010264,
100840008986,
080140004555,
011040003088,
990440004704,
990440005049,
970140001339,
111240011601,
110640005173,
100940002900,
081140002066,
060140007338,
060140007165,
060140008881,
000440001844,
970340001415,
970140002822,
970140002862,
970140002793,
970140002743,
050340003896,
970140002773,
060540004754,
970240002648,
970240002628,
970240003498,
970240003488,
970240003943,
970240002737,
970240003963,
970240002618,
970240001352,
970240002638,
980140001458,
060140009304,
970140002842,
970240001342,
970140002832,
970240002707,
000340003202,
970240002757,
970440002675,
960440000469,
060140009364,
970140002753,
970140002872,
970240003507,
020740002748,
980840001386,
961240001670,
990540001981,
021140003579,
991140003341,
970240003983,
970240002747,
920740000294,
030740002185,
650340000014,
000940001029,
060240002747,
020240004082,
020240004607,
020240003758,
020240004042,
020240004092,
020240002849,
020240004141,
020240004062,
020340002842,
020240004518,
020240004548,
060140009750,
020340003048,
110341014494,
030741002507,
050441008767,
120240021797,
230741006670,
171040006738,
170440002251,
160341000423,
131240009970,
130740011610,
121140010582,
120940013593,
120440009379,
120340009820,
640940000034,
110340015398,
081240009136,
091040012834,
081240002961,
111240014448,
110640011514,
081140001761,
060640004044,
050440008028,
050140006289,
060140006171,
060140008415,
950240001626,
961240001264,
960740000453,
030840002456,
970440001796,
970440001697,
970440001815,
970440001835,
970440001598,
970440001845,
970440001766,
060140006250,
050240006123,
970440001776,
980140001599,
050140004748,
060140004784,
050140005363,
050140004589,
050140005944,
020740002262,
050140005351,
061140005939,
050140005387,
020740002252,
980840001396,
030340001816,
020940004038,
011140001194,
060140008326,
060140006240,
920740000313,
060140006181,
060140001676,
050341007953,
060241004625,
230641040637,
210540019953,
160341006056,
140340011717,
120440005950,
120340017970,
660640000017,
110840018102,
101140017982,
021040002031,
111240011651,
110640002614,
030740003887,
031140003233,
040440008086,
060140006280,
060140005847,
081040013880,
060140005440,
970240005266,
050140004986,
970240002093,
970240001838,
970340001277,
970440001895,
050140003859,
970140002634,
970140003058,
970140006328,
970140002367,
970140002614,
970140002258,
920140000311,
970440001558,
920740000323,
970240001663,
970240001510,
050140006556,
000440001834,
060140007030,
970140002307,
970140002298,
970140002604,
970140002585,
970140003048,
970140002595,
980140001628,
970240002412,
970240002033,
060140005837,
030340002933,
980740001342,
020940001549,
070540006198,
070540006594,
991140002383,
970140002624,
021140001999,
020840002266,
990440004655,
030740002204,
020940003258,
070440007320,
030540001902,
070540006247,
070540006603,
030440003707,
070540006613,
041140004917,
070540006227,
050340003707,
050140005012,
010740002052,
110341014325,
050341006437,
060241004698,
230641041467,
221240028798,
221040021614,
210340014172,
201240027210,
171240017909,
180840008950,
180840006835,
160940013312,
160640006557,
160640016900,
160341006859,
160341005048,
150140017334,
150140016792,
130840004265,
130340012139,
120540015397,
120340017920,
120340018324,
041240004108,
951040000277,
050340001740,
070640006409,
080140017775,
060140009999,
080140019860,
060140005450,
990140001065,
990240002047,
950540000480,
050240006173,
041140004606,
070140006679,
990340003029,
990340002112,
990340003811,
990340003990,
990240002017,
990340006201,
950640000911,
111240008285,
110640001399,
090940017825,
990340002754,
070240000801,
060340007474,
060340007484,
000740003168,
000640001722,
040140003470,
060140010103,
990340002289,
090340006888,
080140020011,
060140010457,
060140010328,
081240005014,
030940002023,
041240005423,
961240000751,
961240000721,
961240001353,
060140010506,
961240001978,
101240007790,
990240002156,
990240003967,
970240001085,
990240003372,
970240001491,
030840002288,
970240002579,
970240001055,
001140001896,
960940000050,
970240003448,
040140001701,
980840001405,
970240000909,
990240002146,
920740000353,
041240004980,
970240004268,
970140004551,
000340002771,
030140000127,
970240002955,
970240002806,
970140003157,
970240000295,
060140014698,
980540000951,
000340001602,
970240000403,
050940004955,
041240005562,
030440002530,
970840000811,
970440001904,
041240003249,
010940001804,
020340002971,
011040000073,
980540001216,
980540001325,
060840002233,
000640001366,
070140005501,
021140003767,
980140000685,
010540001700,
050441007263,
230741000235,
160840004319,
160341010976,
150140010852,
120340023142,
060340005705,
111140004269,
100340010583,
080840013669,
990240002255,
000540004298,
061140006045,
111240011949,
110540020847,
081040016479,
000440004472,
040340007113,
060140010734,
060140006439,
060540004665,
050140005776,
000440001963,
950140001305,
000340005188,
030840002327,
970440000163,
970240001184,
970240004093,
970240001213,
970240001253,
970240001144,
970240001134,
060140014443,
980140001559,
920740000214,
970240001164,
970240001302,
060140015130,
961240000206,
970240001312,
970240001243,
970240001263,
970240001194,
970240001174,
050140005548,
050140005538,
020740002877,
050140005746,
050140005518,
050140005736,
960440000419,
970240001154,
970240001293,
050140005558,
990140001491,
990340001954,
050140009431,
050140005786,
991140003193,
020940003075,
020940001618,
020140002250,
020840001723,
020540002196,
020540002205,
020540000318,
011240001930,
980940001042,
970340001633,
050140005479,
050140005607,
050140005617,
030741002438,
050341008921,
230741000891,
200140020613,
200140023083,
200140024626,
200140023777,
200140024428,
160341024887,
160140008832,
151240012578,
140140005261,
130340008091,
120540017195,
121040019562,
120940019493,
120340013165,
021140004130,
101140006947,
101140003695,
950640000741,
111240012868,
110640000350,
081040016944,
060140001854,
070140006321,
061140005770,
060340006505,
040840003595,
060140007853,
060140006607,
060140006627,
970140001785,
970140002074,
970140002049,
970140001804,
020740002301,
000440001824,
021140002085,
990640002140,
970240002281,
970240002122,
970240002053,
970240002241,
970240002231,
050140005835,
970240002083,
970240002102,
970240002251,
970240002112,
970240002211,
970240002271,
970240002063,
970240002261,
970240002043,
920740000402,
970140001864,
000240002588,
970140001656,
970240002221,
970240002073,
980140000580,
950740000369,
970240002132,
990140001907,
990140001510,
990440003716,
020940002061,
961240001323,
991140002175,
990440008291,
030740002264,
060540004675,
011140001828,
020840002147,
020840002127,
050341008476,
060341004643,
230641041299,
210141026947,
171140002253,
160341001253,
160340024227,
131240000095,
130740009094,
120940011180,
120940006749,
120540015624,
120340008357,
950640000711,
111140009606,
110840003362,
110840002979,
110840002803,
100840012875,
070140004721,
040740003640,
050740004155,
020640001786,
111240012789,
110640006409,
110140003674,
081040015460,
021140002878,
021140002779,
060540004724,
060140005659,
970140001488,
970140001527,
970140001557,
970140001547,
970140001329,
970140001507,
000440001923,
960440000429,
990740000871,
970540000098,
041240004356,
970140000668,
970140000648,
060140005926,
961240000731,
970140000658,
961240000682,
961240000741,
010440001539,
961240000692,
970140000638,
020940001806,
961240000931,
970140001567,
970140001587,
970140001597,
000340002343,
970440001210,
990740000841,
970140001319,
980140001787,
990740000900,
071040004245,
970140001745,
970140001498,
990740000861,
720140000012,
021140002898,
021140002838,
021140002907,
981240001066,
050740002228,
990740000851,
990740000881,
991140002244,
021140001384,
060940004917,
030740002175,
000240002568,
041240004366,
010840001543,
021140001453,
021140001463,
051140003029,
021140001423,
021140002848,
021140002888,
021140001443,
021140002868,
020940001443,
060140005827,
050341008139,
060241004937,
